测深(m)   垂深(m)   方位(°)   总位移(m)   固井质量     测井取样
252        252      241.27     0.51       优         0
254        252      241        0.51       一般        1
253        212      241.27     0.51       差         0
252        253      241.27     0.51       优         0
255        252      241.27     0.51       优          1
256        255      243        0.51       良          1
257        233      241.27     0.51       优          1
258        267      241.27     0.51       优          1
259        278      241.27     0.51       优          1
